Best solution rate:
  MAPOCAM-N: 1.0
  MAPOCAM-P: 0.9743589743589743
  greedy: 0.717948717948718
  mi-trees: 0.9487179487179487
Feasible rate: 1.0
Time performance:
  MAPOCAM-N: 0.2669744258656955
  MAPOCAM-P: 0.05206823048707193
  greedy: 0.01128963801341179
  mi-trees: 0.01972628443931731
