Best solution rate:
  MAPOCAM-N: 1.0
  MAPOCAM-P: 0.9743589743589743
  brute-force: 1.0
  po-mi-trees: 0.9230769230769231
Time performance:
  MAPOCAM-N: 0.2327810461895588
  MAPOCAM-P: 0.12560821956811616
  brute-force: 1.0989166544780182
  po-mi-trees: 0.03904587210108263
