Best solution rate:
  MAPOCAM: 1.0
  brute-force: 1.0
  po-mi-logistic: 1.0
Time performance:
  MAPOCAM: 0.11738887529888113
  brute-force: 2.1745366343966452
  po-mi-logistic: 0.025712601559159037
