Best solution rate:
  MAPOCAM-M: 1.0
  MAPOCAM-N: 1.0
  MAPOCAM-P: 1.0
  brute-force: 1.0
  po-mi-trees: 0.82
Time performance:
  MAPOCAM-M: 0.08618283471558243
  MAPOCAM-N: 0.6034770675422624
  MAPOCAM-P: 0.15042847549309954
  brute-force: 1.7320333216781727
  po-mi-trees: 0.10258990688249468
