Best solution rate:
  MAPOCAM-M: 1.0
  MAPOCAM-N: 1.0
  MAPOCAM-P: 1.0
  brute-force: 1.0
  po-mi-trees: 0.18
Time performance:
  MAPOCAM-M: 0.09838165251770987
  MAPOCAM-N: 0.427091538796667
  MAPOCAM-P: 0.28332062615547327
  brute-force: 0.5429948535491712
  po-mi-trees: 0.13257037289440632
