Best solution rate:
  MAPOCAM: 1.0
  brute-force: 1.0
  po-mi-logistic: 1.0
Time performance:
  MAPOCAM: 0.17925238363144066
  brute-force: 0.6017912400614781
  po-mi-logistic: 0.45194172803894617
