Best solution rate:
  MAPOCAM-M: 1.0
  MAPOCAM-N: 1.0
  MAPOCAM-P: 1.0
  greedy: 0.42857142857142855
  mi-trees: 1.0
Feasible rate: 1.0
Time performance:
  MAPOCAM-M: 0.012894895804634729
  MAPOCAM-N: 0.015675174002838018
  MAPOCAM-P: 0.012914909006023852
  greedy: 0.016978453297482488
  mi-trees: 0.032799489254906
