Best solution rate:
  MAPOCAM-N: 1.0
  MAPOCAM-P: 1.0
  greedy: 0.8571428571428571
  mi-trees: 0.8961038961038961
Feasible rate: 1.0
Time performance:
  MAPOCAM-N: 0.007894436207406416
  MAPOCAM-P: 0.007644488749868394
  greedy: 0.0069071810689524974
  mi-trees: 0.014402866127670973
