Best solution rate:
  MAPOCAM-N: 1.0
  MAPOCAM-P: 0.9090909090909091
  brute-force: 1.0
  po-mi-trees: 0.625
Time performance:
  MAPOCAM-N: 0.037567015634108844
  MAPOCAM-P: 0.01621364860462067
  brute-force: 0.2096239771344699
  po-mi-trees: 0.023371194457550617
