Best solution rate:
  MAPOCAM-M: 1.0
  MAPOCAM-N: 1.0
  MAPOCAM-P: 1.0
  brute-force: 1.0
  po-mi-trees: 0.6883116883116883
Time performance:
  MAPOCAM-M: 0.01585808554331639
  MAPOCAM-N: 0.09147005283588229
  MAPOCAM-P: 0.05008974346761628
  brute-force: 0.43394396591375206
  po-mi-trees: 0.037847967633929155
