Best solution rate:
  MAPOCAM: 1.0
  brute-force: 1.0
  po-mi-logistic: 1.0
Time performance:
  MAPOCAM: 0.0061621565344886714
  brute-force: 2.5937936801929027
  po-mi-logistic: 0.01394238698338039
