Best solution rate:
  MAPOCAM-M: 1.0
  MAPOCAM-N: 1.0
  MAPOCAM-P: 1.0
  brute-force: 1.0
  po-mi-trees: 1.0
Time performance:
  MAPOCAM-M: 0.015490269596845685
  MAPOCAM-N: 0.014179723896690971
  MAPOCAM-P: 0.013481665154701316
  brute-force: 0.6511621333631481
  po-mi-trees: 0.04113925493763784
