Best solution rate:
  MAPOCAM: 1.0
  brute-force: 1.0
  po-mi-logistic: 1.0
Time performance:
  MAPOCAM: 0.015427698546913095
  brute-force: 1.814669221227702
  po-mi-logistic: 0.05590676398237403
