Best solution rate:
  MAPOCAM-M: 0.6595744680851063
  MAPOCAM-N: 0.6595744680851063
  MAPOCAM-P: 0.6595744680851063
  greedy: 0.3829787234042553
  mi-trees: 1.0
Feasible rate: 1.0
Time performance:
  MAPOCAM-M: 0.029987214321389476
  MAPOCAM-N: 0.6029779934448171
  MAPOCAM-P: 0.07881459900415799
  greedy: 0.052360878313614176
  mi-trees: 0.03954265627544373
