Best solution rate:
  MAPOCAM-N: 1.0
  MAPOCAM-P: 1.0
  brute-force: 1.0
  po-mi-trees: 1.0
Time performance:
  MAPOCAM-N: 0.9320863472360846
  MAPOCAM-P: 0.18106789010198554
  brute-force: 1.5178035113131045
  po-mi-trees: 0.08028230712807272
