Best solution rate:
  MAPOCAM-M: 1.0
  MAPOCAM-N: 1.0
  MAPOCAM-P: 1.0
  brute-force: 1.0
  po-mi-trees: 0.574468085106383
Time performance:
  MAPOCAM-M: 0.03952516834846044
  MAPOCAM-N: 0.3772857200597076
  MAPOCAM-P: 0.10315264202902054
  brute-force: 0.933477472486668
  po-mi-trees: 0.10770545364109839
