Best solution rate:
  MAPOCAM-N: 1.0
  MAPOCAM-P: 1.0
  greedy: 0.4791666666666667
  mi-trees: 1.0
Feasible rate: 1.0
Time performance:
  MAPOCAM-N: 0.2792909473379647
  MAPOCAM-P: 0.0334321288052403
  greedy: 0.023830622318200767
  mi-trees: 0.027216215397250682
