Best solution rate:
  MAPOCAM-M: 1.0
  MAPOCAM-N: 1.0
  MAPOCAM-P: 1.0
  brute-force: 1.0
  po-mi-trees: 0.7659574468085106
Time performance:
  MAPOCAM-M: 0.023012694233949197
  MAPOCAM-N: 0.26400473899643945
  MAPOCAM-P: 0.053945425798759813
  brute-force: 0.8808671577283717
  po-mi-trees: 0.053492203060081824
