Best solution rate:
  MAPOCAM: 1.0
  brute-force: 1.0
  po-mi-logistic: 1.0
Time performance:
  MAPOCAM: 0.34900142169229825
  brute-force: 1.759753108723089
  po-mi-logistic: 1.309883711225767
