Best solution rate:
  MAPOCAM-N: 1.0
  MAPOCAM-P: 1.0
  greedy: 0.22988505747126436
  mi-trees: 0.9770114942528736
Feasible rate: 1.0
Time performance:
  MAPOCAM-N: 0.41435236836804995
  MAPOCAM-P: 0.060629769976400696
  greedy: 0.007651465022989988
  mi-trees: 0.018600418095894414
