Best solution rate:
  MAPOCAM: 1.0
  brute-force: 1.0
  po-mi-logistic: 1.0
Time performance:
  MAPOCAM: 0.46618490603631707
  brute-force: 3.3647599511659116
  po-mi-logistic: 0.03798467962554208
