Best solution rate:
  MAPOCAM-M: 1.0
  MAPOCAM-N: 1.0
  MAPOCAM-P: 1.0
  brute-force: 1.0
  po-mi-trees: 0.3125
Time performance:
  MAPOCAM-M: 0.02603530290798517
  MAPOCAM-N: 0.22476645882125013
  MAPOCAM-P: 0.06919568255761988
  brute-force: 0.27135760197779746
  po-mi-trees: 0.05166537326294929
