Best solution rate:
  MAPOCAM-M: 1.0
  MAPOCAM-N: 1.0
  MAPOCAM-P: 1.0
  brute-force: 1.0
  po-mi-trees: 0.84375
Time performance:
  MAPOCAM-M: 0.017804400256864028
  MAPOCAM-N: 0.1948893819717341
  MAPOCAM-P: 0.030763689035666175
  brute-force: 0.553160309777013
  po-mi-trees: 0.04270600018571713
