Best solution rate:
  MAPOCAM: 1.0
  greedy: 0.4444444444444444
  mi-logistic: 1.0
Feasible rate: 1.0
Time performance:
  MAPOCAM: 0.15505443343944433
  greedy: 0.0650258669629693
  mi-logistic: 0.05259914432773022
