Best solution rate:
  MAPOCAM-M: 0.71875
  MAPOCAM-N: 0.71875
  MAPOCAM-P: 0.71875
  greedy: 0.625
  mi-trees: 1.0
Feasible rate: 1.0
Time performance:
  MAPOCAM-M: 0.011156133932672674
  MAPOCAM-N: 0.044391121595253935
  MAPOCAM-P: 0.01728265065685264
  greedy: 0.01202316147464444
  mi-trees: 0.019985057369922288
