Best solution rate:
  MAPOCAM-M: 0.0
  MAPOCAM-N: 1.0
  MAPOCAM-P: 1.0
  brute-force: 1.0
  po-mi-trees: 0.8
Time performance:
  MAPOCAM-M: 0.08976865864436452
  MAPOCAM-N: 1.1668619794460635
  MAPOCAM-P: 0.1531680505645151
  brute-force: 14.626475416500277
  po-mi-trees: 0.5497563578266029
