Best solution rate:
  MAPOCAM-M: 0.4666666666666667
  MAPOCAM-N: 0.4666666666666667
  MAPOCAM-P: 0.4666666666666667
  greedy: 0.4
  mi-trees: 1.0
Feasible rate: 1.0
Time performance:
  MAPOCAM-M: 0.22056687933315214
  MAPOCAM-N: 17.891942432068753
  MAPOCAM-P: 7.197825929138344
  greedy: 0.09970168611810853
  mi-trees: 0.15970565606063852
