Best solution rate:
  MAPOCAM-N: 1.0
  MAPOCAM-P: 0.9230769230769231
  brute-force: 1.0
  po-mi-trees: 0.7307692307692307
Time performance:
  MAPOCAM-N: 0.4722074685403361
  MAPOCAM-P: 0.044602133687406495
  brute-force: 3.6569454705190414
  po-mi-trees: 0.8874624138697982
