Best solution rate:
  MAPOCAM-M: 1.0
  MAPOCAM-N: 1.0
  MAPOCAM-P: 1.0
  brute-force: 1.0
  po-mi-trees: 1.0
Time performance:
  MAPOCAM-M: 0.11910883699078113
  MAPOCAM-N: 11.502761288122274
  MAPOCAM-P: 19.949032010906375
  brute-force: 14.047063526478595
  po-mi-trees: 0.7612100934935734
