Best solution rate:
  MAPOCAM: 1.0
  brute-force: 1.0
  po-mi-logistic: 1.0
Time performance:
  MAPOCAM: 0.18348346536871618
  brute-force: 2.6036916962565066
  po-mi-logistic: 0.017393196028513976
