Best solution rate:
  MAPOCAM: 1.0
  brute-force: 1.0
  po-mi-logistic: 1.0
Time performance:
  MAPOCAM: 0.5320280555841657
  brute-force: 1.9948219769240285
  po-mi-logistic: 2.4764208394649008
