Best solution rate:
  MAPOCAM: 1.0
  brute-force: 1.0
  po-mi-logistic: 1.0
Time performance:
  MAPOCAM: 0.08560631594750596
  brute-force: 0.6828519705071135
  po-mi-logistic: 0.01262175427684777
