Best solution rate:
  MAPOCAM: 1.0
  greedy: 0.7906976744186046
  mi-logistic: 1.0
Feasible rate: 1.0
Number of combinations: 542575165440
Time performance:
  MAPOCAM: 0.022094430748459903
  greedy: 0.013710999000427682
  mi-logistic: 0.01896796025996378
