Best solution rate:
  MAPOCAM-M: 1.0
  MAPOCAM-N: 1.0
  MAPOCAM-P: 1.0
  brute-force: 1.0
  po-mi-trees: 1.0
Time performance:
  MAPOCAM-M: 0.04053760578617363
  MAPOCAM-N: 0.23471411336042985
  MAPOCAM-P: 0.03901331582129365
  brute-force: 1.3477239494138147
  po-mi-trees: 0.05880863088319396
