Best solution rate:
  MAPOCAM: 1.0
  brute-force: 1.0
  po-mi-logistic: 1.0
Time performance:
  MAPOCAM: 0.15199799202707445
  brute-force: 0.46044240989668167
  po-mi-logistic: 0.37495535295348353
