Best solution rate:
  MAPOCAM-M: 1.0
  MAPOCAM-N: 1.0
  MAPOCAM-P: 1.0
  brute-force: 1.0
  po-mi-trees: 1.0
Time performance:
  MAPOCAM-M: 0.0481421576739039
  MAPOCAM-N: 0.2342572577678167
  MAPOCAM-P: 0.0424389919953239
  brute-force: 0.4960976881259007
  po-mi-trees: 0.053356910811555455
