Best solution rate:
  MAPOCAM-N: 1.0
  MAPOCAM-P: 1.0
  brute-force: 1.0
  po-mi-trees: 1.0
Time performance:
  MAPOCAM-N: 0.14611233176587712
  MAPOCAM-P: 0.17424631558716036
  brute-force: 0.24198755356591456
  po-mi-trees: 0.05635959020718326
