Best solution rate:
  MAPOCAM-N: 1.0
  MAPOCAM-P: 1.0
  brute-force: 1.0
  po-mi-trees: 1.0
Time performance:
  MAPOCAM-N: 0.02310354776412555
  MAPOCAM-P: 0.012393400521170704
  brute-force: 0.2111327636760519
  po-mi-trees: 0.026687571056480584
