Best solution rate:
  MAPOCAM-M: 1.0
  MAPOCAM-N: 1.0
  MAPOCAM-P: 1.0
  brute-force: 1.0
  po-mi-trees: 1.0
Time performance:
  MAPOCAM-M: 0.015905667557829923
  MAPOCAM-N: 0.013504907599627882
  MAPOCAM-P: 0.012510835761148259
  brute-force: 0.6817204268461273
  po-mi-trees: 0.03743880047849996
