Best solution rate:
  MAPOCAM: 1.0
  brute-force: 1.0
  po-mi-logistic: 1.0
Time performance:
  MAPOCAM: 0.009056196789498682
  brute-force: 1.0676121519775026
  po-mi-logistic: 0.038530299779211664
