Best solution rate:
  MAPOCAM-N: 1.0
  MAPOCAM-P: 1.0
  greedy: 0.9178082191780822
  mi-trees: 1.0
Feasible rate: 1.0
Number of combinations: 907200
Time performance:
  MAPOCAM-N: 0.015256403009279643
  MAPOCAM-P: 0.008540981763348698
  greedy: 0.0065936525017405824
  mi-trees: 0.015014157391293612
