Best solution rate:
  MAPOCAM: 1.0
  brute-force: 1.0
  po-mi-logistic: 1.0
Time performance:
  MAPOCAM: 0.031960962718585506
  brute-force: 0.5624045605968254
  po-mi-logistic: 0.14546061624199724
