Best solution rate:
  MAPOCAM-M: 1.0
  MAPOCAM-N: 1.0
  MAPOCAM-P: 1.0
  brute-force: 1.0
  po-mi-trees: 1.0
Time performance:
  MAPOCAM-M: 0.024138781386427582
  MAPOCAM-N: 0.11715302522992715
  MAPOCAM-P: 0.023702500923536717
  brute-force: 0.7510162785998545
  po-mi-trees: 0.05108257375890389
