Best solution rate:
  MAPOCAM-N: 1.0
  MAPOCAM-P: 1.0
  brute-force: 1.0
  po-mi-trees: 1.0
Time performance:
  MAPOCAM-N: 0.4540137391280839
  MAPOCAM-P: 0.17791624189287955
  brute-force: 1.0066452483475512
  po-mi-trees: 0.0936288719151017
