Best solution rate:
  MAPOCAM: 1.0
  brute-force: 1.0
  po-mi-logistic: 1.0
Time performance:
  MAPOCAM: 0.17622029855299523
  brute-force: 1.3189700706827674
  po-mi-logistic: 0.017067216655157286
