Best solution rate:
  MAPOCAM: 1.0
  greedy: 0.5588235294117647
  mi-logistic: 1.0
Feasible rate: 1.0
Number of combinations: 471859200000000
Time performance:
  MAPOCAM: 0.14314249603365384
  greedy: 0.02899595068918322
  mi-logistic: 0.02402410396676072
