Best solution rate:
  MAPOCAM-M: 1.0
  MAPOCAM-N: 1.0
  MAPOCAM-P: 1.0
  brute-force: 1.0
  po-mi-trees: 1.0
Time performance:
  MAPOCAM-M: 0.010330231097947446
  MAPOCAM-N: 0.10873984902225915
  MAPOCAM-P: 0.015077530320042805
  brute-force: 0.4559835425330206
  po-mi-trees: 0.02148429557470785
