Best solution rate:
  MAPOCAM-M: 1.0
  MAPOCAM-N: 1.0
  MAPOCAM-P: 1.0
  brute-force: 1.0
  po-mi-trees: 1.0
Time performance:
  MAPOCAM-M: 0.08789698484664162
  MAPOCAM-N: 0.5601713324120889
  MAPOCAM-P: 0.08442039060561607
  brute-force: 20.94443182973579
  po-mi-trees: 0.9420577906925852
