Best solution rate:
  MAPOCAM-M: 1.0
  MAPOCAM-N: 1.0
  MAPOCAM-P: 1.0
  brute-force: 1.0
  po-mi-trees: 1.0
Time performance:
  MAPOCAM-M: 0.9032959229933719
  MAPOCAM-N: 12.5582152972968
  MAPOCAM-P: 0.9384846286304916
  brute-force: 17.040139827186554
  po-mi-trees: 0.9423009355474884
